label,value_1,value_2,value_3,value_4,value_5,value_6,value_7,value_8,value_9,value_10,value_11,value_12,value_13,value_14,value_15,value_16,value_17,value_18,value_19,value_20,value_21,value_22,value_23,value_24,value_25,value_26,value_27,value_28,value_29,value_30,value_31,value_32,value_33,value_34,value_35,value_36,value_37,value_38,value_39,value_40,value_41,value_42,value_43,value_44,value_45,value_46,value_47,value_48,value_49,value_50,value_51,value_52,value_53,value_54,value_55,value_56,value_57,value_58,value_59,value_60,value_61,value_62,value_63,value_64,value_65,value_66,value_67,value_68,value_69,value_70,value_71,value_72,value_73,value_74,value_75,value_76,value_77,value_78,value_79,value_80,value_81,value_82,value_83,value_84,value_85
person_id,511623,511623,511623,511623,511623,511623,511623,511623,511623,511623,511623,511623,511623,511623,511623,511623,511623,511623,511623,511623,511623,511623,511623,511623,511623,511623,511623,511623,511623,511624,511624,511624,511624,511624,511624,511624,511624,511624,511624,511624,511624,511624,511624,511624,511624,511624,511624,511624,511624,511624,511624,511624,511624,511624,511624,511624,511624,511624,511624,511626,511626,511626,511626,511626,511626,511626,511626,511626,511626,511626,511626,511626,511626,511626,511626,511626,511626,511626,511626,511626,511626,511626,511626,511626,511626
alt_dest,105,106,129,170,212,692,768,870,878,886,895,896,899,904,906,927,931,934,949,958,960,994,998,1029,1136,1178,1186,1222,1285,9,42,45,54,79,215,345,563,582,716,785,835,846,856,880,899,908,948,950,952,958,959,961,968,977,988,1004,1039,1082,1422,121,183,268,489,528,732,743,878,904,913,941,950,953,954,960,961,962,976,988,990,1011,1017,1026,1043,1156,1247
prob,0.0004981374368071556,0.00043398322304710746,0.00018328370060771704,0.0004789626400452107,0.0003232297895010561,8.152302325470373e-05,0.0007230351329781115,0.0015117012662813067,0.0027877693064510822,0.0018977206200361252,0.005509828682988882,0.003603300079703331,0.0057838354259729385,0.0048253098502755165,0.004216335713863373,0.007577815558761358,0.002992532681673765,0.012563629075884819,0.006618475075811148,0.0074143740348517895,0.021954568102955818,0.001092615071684122,0.002160046948119998,0.0010486873798072338,0.00027012632926926017,0.0017396508483216166,0.0008872649632394314,0.00011103160795755684,0.00010038498294306919,0.0006769703468307853,0.0005391808226704597,0.00017985158774536103,0.0004165519494563341,0.00010245225712424144,0.0004920259234495461,0.00023603334557265043,0.00032758479937911034,0.00022705788433086127,0.00021069386275485158,0.0006343686254695058,0.0011111536296084523,0.0006351587362587452,0.0019199050730094314,0.0024985068012028933,0.0057838354259729385,0.0020214596297591925,0.012421119958162308,0.008129472844302654,0.005286934319883585,0.0074143740348517895,0.02249540016055107,0.042380865663290024,0.0036484163720160723,0.002018321305513382,0.0013717594556510448,0.0015430344501510262,0.0016651935875415802,0.0004592841141857207,0.00028414963162504137,0.00023754492576699704,0.0004894416779279709,0.0002290974953211844,0.0002162954187951982,0.00017940063844434917,0.00037381830043159425,0.0007977260975167155,0.0027877693064510822,0.0048253098502755165,0.00223952392116189,0.0034250158350914717,0.008129472844302654,0.003942736424505711,0.009184500202536583,0.021954568102955818,0.042380865663290024,0.03465180844068527,0.0021239877678453922,0.0013717594556510448,0.0018122694455087185,0.0010499343043193221,0.0015464355237782001,0.0007556910859420896,0.0007239670376293361,0.0010243626311421394,0.0005009100423194468
pick_count,1,1,1,1,1,1,1,1,1,1,1,1,1,1,1,1,1,1,1,1,2,1,1,1,1,1,1,1,1,1,1,1,1,1,1,1,1,1,1,1,1,1,1,1,1,1,1,1,1,1,1,1,1,1,1,1,1,1,1,1,1,1,1,1,1,1,1,1,1,1,1,1,1,1,3,3,1,1,1,1,1,1,1,1,1
hhsize,6,6,6,6,6,6,6,6,6,6,6,6,6,6,6,6,6,6,6,6,6,6,6,6,6,6,6,6,6,6,6,6,6,6,6,6,6,6,6,6,6,6,6,6,6,6,6,6,6,6,6,6,6,6,6,6,6,6,6,6,6,6,6,6,6,6,6,6,6,6,6,6,6,6,6,6,6,6,6,6,6,6,6,6,6
density_index,1.5849827236327831,1.5849827236327831,1.5849827236327831,1.5849827236327831,1.5849827236327831,1.5849827236327831,1.5849827236327831,1.5849827236327831,1.5849827236327831,1.5849827236327831,1.5849827236327831,1.5849827236327831,1.5849827236327831,1.5849827236327831,1.5849827236327831,1.5849827236327831,1.5849827236327831,1.5849827236327831,1.5849827236327831,1.5849827236327831,1.5849827236327831,1.5849827236327831,1.5849827236327831,1.5849827236327831,1.5849827236327831,1.5849827236327831,1.5849827236327831,1.5849827236327831,1.5849827236327831,1.5849827236327831,1.5849827236327831,1.5849827236327831,1.5849827236327831,1.5849827236327831,1.5849827236327831,1.5849827236327831,1.5849827236327831,1.5849827236327831,1.5849827236327831,1.5849827236327831,1.5849827236327831,1.5849827236327831,1.5849827236327831,1.5849827236327831,1.5849827236327831,1.5849827236327831,1.5849827236327831,1.5849827236327831,1.5849827236327831,1.5849827236327831,1.5849827236327831,1.5849827236327831,1.5849827236327831,1.5849827236327831,1.5849827236327831,1.5849827236327831,1.5849827236327831,1.5849827236327831,1.5849827236327831,1.5849827236327831,1.5849827236327831,1.5849827236327831,1.5849827236327831,1.5849827236327831,1.5849827236327831,1.5849827236327831,1.5849827236327831,1.5849827236327831,1.5849827236327831,1.5849827236327831,1.5849827236327831,1.5849827236327831,1.5849827236327831,1.5849827236327831,1.5849827236327831,1.5849827236327831,1.5849827236327831,1.5849827236327831,1.5849827236327831,1.5849827236327831,1.5849827236327831,1.5849827236327831,1.5849827236327831,1.5849827236327831,1.5849827236327831
age,9,9,9,9,9,9,9,9,9,9,9,9,9,9,9,9,9,9,9,9,9,9,9,9,9,9,9,9,9,9,9,9,9,9,9,9,9,9,9,9,9,9,9,9,9,9,9,9,9,9,9,9,9,9,9,9,9,9,9,7,7,7,7,7,7,7,7,7,7,7,7,7,7,7,7,7,7,7,7,7,7,7,7,7,7
age_16_p,False,False,False,False,False,False,False,False,False,False,False,False,False,False,False,False,False,False,False,False,False,False,False,False,False,False,False,False,False,False,False,False,False,False,False,False,False,False,False,False,False,False,False,False,False,False,False,False,False,False,False,False,False,False,False,False,False,False,False,False,False,False,False,False,False,False,False,False,False,False,False,False,False,False,False,False,False,False,False,False,False,False,False,False,False
age_16_to_19,False,False,False,False,False,False,False,False,False,False,False,False,False,False,False,False,False,False,False,False,False,False,False,False,False,False,False,False,False,False,False,False,False,False,False,False,False,False,False,False,False,False,False,False,False,False,False,False,False,False,False,False,False,False,False,False,False,False,False,False,False,False,False,False,False,False,False,False,False,False,False,False,False,False,False,False,False,False,False,False,False,False,False,False,False
auto_ownership,3,3,3,3,3,3,3,3,3,3,3,3,3,3,3,3,3,3,3,3,3,3,3,3,3,3,3,3,3,3,3,3,3,3,3,3,3,3,3,3,3,3,3,3,3,3,3,3,3,3,3,3,3,3,3,3,3,3,3,3,3,3,3,3,3,3,3,3,3,3,3,3,3,3,3,3,3,3,3,3,3,3,3,3,3
num_workers,2.0,2.0,2.0,2.0,2.0,2.0,2.0,2.0,2.0,2.0,2.0,2.0,2.0,2.0,2.0,2.0,2.0,2.0,2.0,2.0,2.0,2.0,2.0,2.0,2.0,2.0,2.0,2.0,2.0,2.0,2.0,2.0,2.0,2.0,2.0,2.0,2.0,2.0,2.0,2.0,2.0,2.0,2.0,2.0,2.0,2.0,2.0,2.0,2.0,2.0,2.0,2.0,2.0,2.0,2.0,2.0,2.0,2.0,2.0,2.0,2.0,2.0,2.0,2.0,2.0,2.0,2.0,2.0,2.0,2.0,2.0,2.0,2.0,2.0,2.0,2.0,2.0,2.0,2.0,2.0,2.0,2.0,2.0,2.0,2.0
value_of_time,4.8480640169119384,4.8480640169119384,4.8480640169119384,4.8480640169119384,4.8480640169119384,4.8480640169119384,4.8480640169119384,4.8480640169119384,4.8480640169119384,4.8480640169119384,4.8480640169119384,4.8480640169119384,4.8480640169119384,4.8480640169119384,4.8480640169119384,4.8480640169119384,4.8480640169119384,4.8480640169119384,4.8480640169119384,4.8480640169119384,4.8480640169119384,4.8480640169119384,4.8480640169119384,4.8480640169119384,4.8480640169119384,4.8480640169119384,4.8480640169119384,4.8480640169119384,4.8480640169119384,4.8480640169119384,4.8480640169119384,4.8480640169119384,4.8480640169119384,4.8480640169119384,4.8480640169119384,4.8480640169119384,4.8480640169119384,4.8480640169119384,4.8480640169119384,4.8480640169119384,4.8480640169119384,4.8480640169119384,4.8480640169119384,4.8480640169119384,4.8480640169119384,4.8480640169119384,4.8480640169119384,4.8480640169119384,4.8480640169119384,4.8480640169119384,4.8480640169119384,4.8480640169119384,4.8480640169119384,4.8480640169119384,4.8480640169119384,4.8480640169119384,4.8480640169119384,4.8480640169119384,4.8480640169119384,4.8480640169119384,4.8480640169119384,4.8480640169119384,4.8480640169119384,4.8480640169119384,4.8480640169119384,4.8480640169119384,4.8480640169119384,4.8480640169119384,4.8480640169119384,4.8480640169119384,4.8480640169119384,4.8480640169119384,4.8480640169119384,4.8480640169119384,4.8480640169119384,4.8480640169119384,4.8480640169119384,4.8480640169119384,4.8480640169119384,4.8480640169119384,4.8480640169119384,4.8480640169119384,4.8480640169119384,4.8480640169119384,4.8480640169119384
TAZ,961,961,961,961,961,961,961,961,961,961,961,961,961,961,961,961,961,961,961,961,961,961,961,961,961,961,961,961,961,961,961,961,961,961,961,961,961,961,961,961,961,961,961,961,961,961,961,961,961,961,961,961,961,961,961,961,961,961,961,961,961,961,961,961,961,961,961,961,961,961,961,961,961,961,961,961,961,961,961,961,961,961,961,961,961
in_period,MD,MD,MD,MD,MD,MD,MD,MD,MD,MD,MD,MD,MD,MD,MD,MD,MD,MD,MD,MD,MD,MD,MD,MD,MD,MD,MD,MD,MD,MD,MD,MD,MD,MD,MD,MD,MD,MD,MD,MD,MD,MD,MD,MD,MD,MD,MD,MD,MD,MD,MD,MD,MD,MD,MD,MD,MD,MD,MD,MD,MD,MD,MD,MD,MD,MD,MD,MD,MD,MD,MD,MD,MD,MD,MD,MD,MD,MD,MD,MD,MD,MD,MD,MD,MD
out_period,AM,AM,AM,AM,AM,AM,AM,AM,AM,AM,AM,AM,AM,AM,AM,AM,AM,AM,AM,AM,AM,AM,AM,AM,AM,AM,AM,AM,AM,AM,AM,AM,AM,AM,AM,AM,AM,AM,AM,AM,AM,AM,AM,AM,AM,AM,AM,AM,AM,AM,AM,AM,AM,AM,AM,AM,AM,AM,AM,AM,AM,AM,AM,AM,AM,AM,AM,AM,AM,AM,AM,AM,AM,AM,AM,AM,AM,AM,AM,AM,AM,AM,AM,AM,AM
duration,6,6,6,6,6,6,6,6,6,6,6,6,6,6,6,6,6,6,6,6,6,6,6,6,6,6,6,6,6,6,6,6,6,6,6,6,6,6,6,6,6,6,6,6,6,6,6,6,6,6,6,6,6,6,6,6,6,6,6,6,6,6,6,6,6,6,6,6,6,6,6,6,6,6,6,6,6,6,6,6,6,6,6,6,6
number_of_participants,1,1,1,1,1,1,1,1,1,1,1,1,1,1,1,1,1,1,1,1,1,1,1,1,1,1,1,1,1,1,1,1,1,1,1,1,1,1,1,1,1,1,1,1,1,1,1,1,1,1,1,1,1,1,1,1,1,1,1,1,1,1,1,1,1,1,1,1,1,1,1,1,1,1,1,1,1,1,1,1,1,1,1,1,1
is_joint,False,False,False,False,False,False,False,False,False,False,False,False,False,False,False,False,False,False,False,False,False,False,False,False,False,False,False,False,False,False,False,False,False,False,False,False,False,False,False,False,False,False,False,False,False,False,False,False,False,False,False,False,False,False,False,False,False,False,False,False,False,False,False,False,False,False,False,False,False,False,False,False,False,False,False,False,False,False,False,False,False,False,False,False,False
_parent_tour_mode,,,,,,,,,,,,,,,,,,,,,,,,,,,,,,,,,,,,,,,,,,,,,,,,,,,,,,,,,,,,,,,,,,,,,,,,,,,,,,,,,,,,,
work_tour_is_drive,False,False,False,False,False,False,False,False,False,False,False,False,False,False,False,False,False,False,False,False,False,False,False,False,False,False,False,False,False,False,False,False,False,False,False,False,False,False,False,False,False,False,False,False,False,False,False,False,False,False,False,False,False,False,False,False,False,False,False,False,False,False,False,False,False,False,False,False,False,False,False,False,False,False,False,False,False,False,False,False,False,False,False,False,False
work_tour_is_bike,False,False,False,False,False,False,False,False,False,False,False,False,False,False,False,False,False,False,False,False,False,False,False,False,False,False,False,False,False,False,False,False,False,False,False,False,False,False,False,False,False,False,False,False,False,False,False,False,False,False,False,False,False,False,False,False,False,False,False,False,False,False,False,False,False,False,False,False,False,False,False,False,False,False,False,False,False,False,False,False,False,False,False,False,False
work_tour_is_SOV,False,False,False,False,False,False,False,False,False,False,False,False,False,False,False,False,False,False,False,False,False,False,False,False,False,False,False,False,False,False,False,False,False,False,False,False,False,False,False,False,False,False,False,False,False,False,False,False,False,False,False,False,False,False,False,False,False,False,False,False,False,False,False,False,False,False,False,False,False,False,False,False,False,False,False,False,False,False,False,False,False,False,False,False,False
is_mandatory,False,False,False,False,False,False,False,False,False,False,False,False,False,False,False,False,False,False,False,False,False,False,False,False,False,False,False,False,False,False,False,False,False,False,False,False,False,False,False,False,False,False,False,False,False,False,False,False,False,False,False,False,False,False,False,False,False,False,False,False,False,False,False,False,False,False,False,False,False,False,False,False,False,False,False,False,False,False,False,False,False,False,False,False,False
is_joint (2),False,False,False,False,False,False,False,False,False,False,False,False,False,False,False,False,False,False,False,False,False,False,False,False,False,False,False,False,False,False,False,False,False,False,False,False,False,False,False,False,False,False,False,False,False,False,False,False,False,False,False,False,False,False,False,False,False,False,False,False,False,False,False,False,False,False,False,False,False,False,False,False,False,False,False,False,False,False,False,False,False,False,False,False,False
is_indiv,True,True,True,True,True,True,True,True,True,True,True,True,True,True,True,True,True,True,True,True,True,True,True,True,True,True,True,True,True,True,True,True,True,True,True,True,True,True,True,True,True,True,True,True,True,True,True,True,True,True,True,True,True,True,True,True,True,True,True,True,True,True,True,True,True,True,True,True,True,True,True,True,True,True,True,True,True,True,True,True,True,True,True,True,True
is_atwork_subtour,False,False,False,False,False,False,False,False,False,False,False,False,False,False,False,False,False,False,False,False,False,False,False,False,False,False,False,False,False,False,False,False,False,False,False,False,False,False,False,False,False,False,False,False,False,False,False,False,False,False,False,False,False,False,False,False,False,False,False,False,False,False,False,False,False,False,False,False,False,False,False,False,False,False,False,False,False,False,False,False,False,False,False,False,False
is_escort,False,False,False,False,False,False,False,False,False,False,False,False,False,False,False,False,False,False,False,False,False,False,False,False,False,False,False,False,False,False,False,False,False,False,False,False,False,False,False,False,False,False,False,False,False,False,False,False,False,False,False,False,False,False,False,False,False,False,False,False,False,False,False,False,False,False,False,False,False,False,False,False,False,False,False,False,False,False,False,False,False,False,False,False,False
ivot,0.206267903334529,0.206267903334529,0.206267903334529,0.206267903334529,0.206267903334529,0.206267903334529,0.206267903334529,0.206267903334529,0.206267903334529,0.206267903334529,0.206267903334529,0.206267903334529,0.206267903334529,0.206267903334529,0.206267903334529,0.206267903334529,0.206267903334529,0.206267903334529,0.206267903334529,0.206267903334529,0.206267903334529,0.206267903334529,0.206267903334529,0.206267903334529,0.206267903334529,0.206267903334529,0.206267903334529,0.206267903334529,0.206267903334529,0.206267903334529,0.206267903334529,0.206267903334529,0.206267903334529,0.206267903334529,0.206267903334529,0.206267903334529,0.206267903334529,0.206267903334529,0.206267903334529,0.206267903334529,0.206267903334529,0.206267903334529,0.206267903334529,0.206267903334529,0.206267903334529,0.206267903334529,0.206267903334529,0.206267903334529,0.206267903334529,0.206267903334529,0.206267903334529,0.206267903334529,0.206267903334529,0.206267903334529,0.206267903334529,0.206267903334529,0.206267903334529,0.206267903334529,0.206267903334529,0.206267903334529,0.206267903334529,0.206267903334529,0.206267903334529,0.206267903334529,0.206267903334529,0.206267903334529,0.206267903334529,0.206267903334529,0.206267903334529,0.206267903334529,0.206267903334529,0.206267903334529,0.206267903334529,0.206267903334529,0.206267903334529,0.206267903334529,0.206267903334529,0.206267903334529,0.206267903334529,0.206267903334529,0.206267903334529,0.206267903334529,0.206267903334529,0.206267903334529,0.206267903334529
dest_topology,1,1,1,1,1,1,1,1,1,1,1,1,1,1,1,1,1,1,1,1,1,1,1,1,1,1,1,1,1,1,1,1,1,1,1,1,1,1,1,1,1,1,1,1,1,1,1,1,1,1,1,1,1,1,1,1,1,1,1,1,1,1,1,1,1,1,1,1,1,1,1,1,1,1,1,1,1,1,1,1,1,1,1,1,1
terminal_time,0,0,0,0,0,0,0,0,0,0,0,0,0,0,0,0,0,0,0,0,0,0,0,0,0,0,0,0,0,0,0,0,0,0,0,0,0,0,0,0,0,0,0,0,0,0,0,0,0,0,0,0,0,0,0,0,0,0,0,0,0,0,0,0,0,0,0,0,0,0,0,0,0,0,0,0,0,0,0,0,0,0,0,0,0
dest_density_index,13.18642706990128,26.718246937704482,1.0739748813080614,3.3541249739019747,0.4548858126460038,1.8438344525832486,0.2575473354994255,4.560509945040793,2.5571418684340204,1.4850261018790163,2.9735214468041296,1.0600713732066476,1.4054657031993552,1.049678591746242,3.037754408868579,5.998041413361501,1.0763094858504587,4.879985442530698,2.147448304603318,1.9975933033838664,3.150701373625547,2.1364585956413222,4.644929086372237,1.066300502337295,4.329182129056152,0.5068306806994953,1.0886396352378882,0.9441197106992482,0.3179776289596813,35.65328873560505,0.5443319568203591,14.760356206573864,2.855774593794642,20.905548181544784,1.8389847525300647,1.6773772408220957,2.2667810187483712,2.7495482806564433,1.0765651270504433,1.678602173230175,1.7746110528655992,1.30003393842455,3.146177445410723,1.0350655691245798,1.4054657031993552,1.212188956156322,2.9648725512910024,3.2886009533837637,1.6439429389819695,1.9975933033838664,2.0326380958232213,1.5849827236327831,15.583226876725265,5.609178768631969,0.8557761620222465,1.642184878785966,3.3083219799108785,1.3292834535276028,0.7978094833079171,7.662915372029511,3.025871981883129,2.4872953322304214,0.2833036989270625,2.325379455755972,1.7366653939769672,0.8649822466653501,2.5571418684340204,1.049678591746242,1.4913183581973302,3.441742493447077,3.2886009533837637,1.4894492908043313,5.76421358651369,3.150701373625547,1.5849827236327831,2.724210677346582,6.0546675835420105,0.8557761620222465,2.554947129119201,5.842396156126144,2.9229803503282072,2.1440132354834494,0.8673627679084561,0.09328936387111113,0.05384699049021935
_walk_transit_origin,True,True,True,True,True,True,True,True,True,True,True,True,True,True,True,True,True,True,True,True,True,True,True,True,True,True,True,True,True,True,True,True,True,True,True,True,True,True,True,True,True,True,True,True,True,True,True,True,True,True,True,True,True,True,True,True,True,True,True,True,True,True,True,True,True,True,True,True,True,True,True,True,True,True,True,True,True,True,True,True,True,True,True,True,True
_walk_transit_destination,True,True,True,True,True,True,True,True,True,True,True,True,True,True,True,True,True,True,True,True,True,True,True,True,True,True,True,True,True,True,True,True,True,True,True,True,True,True,True,True,True,True,True,True,True,True,True,True,True,True,True,True,True,True,True,True,True,True,True,True,True,True,True,True,True,True,True,True,True,True,True,True,True,True,True,True,True,True,True,True,True,True,True,True,True
walk_transit_available,True,True,True,True,True,True,True,True,True,True,True,True,True,True,True,True,True,True,True,True,True,True,True,True,True,True,True,True,True,True,True,True,True,True,True,True,True,True,True,True,True,True,True,True,True,True,True,True,True,True,True,True,True,True,True,True,True,True,True,True,True,True,True,True,True,True,True,True,True,True,True,True,True,True,True,True,True,True,True,True,True,True,True,True,True
drive_transit_available,True,True,True,True,True,True,True,True,True,True,True,True,True,True,True,True,True,True,True,True,True,True,True,True,True,True,True,True,True,True,True,True,True,True,True,True,True,True,True,True,True,True,True,True,True,True,True,True,True,True,True,True,True,True,True,True,True,True,True,True,True,True,True,True,True,True,True,True,True,True,True,True,True,True,True,True,True,True,True,True,True,True,True,True,True
origin_walk_time,6.66,6.66,6.66,6.66,6.66,6.66,6.66,6.66,6.66,6.66,6.66,6.66,6.66,6.66,6.66,6.66,6.66,6.66,6.66,6.66,6.66,6.66,6.66,6.66,6.66,6.66,6.66,6.66,6.66,6.66,6.66,6.66,6.66,6.66,6.66,6.66,6.66,6.66,6.66,6.66,6.66,6.66,6.66,6.66,6.66,6.66,6.66,6.66,6.66,6.66,6.66,6.66,6.66,6.66,6.66,6.66,6.66,6.66,6.66,6.66,6.66,6.66,6.66,6.66,6.66,6.66,6.66,6.66,6.66,6.66,6.66,6.66,6.66,6.66,6.66,6.66,6.66,6.66,6.66,6.66,6.66,6.66,6.66,6.66,6.66
destination_walk_time,6.66,6.66,6.66,6.66,6.66,6.66,6.66,6.66,6.66,6.66,6.66,6.66,6.66,6.66,6.66,6.66,6.66,6.66,6.66,6.66,6.66,6.66,6.66,6.66,6.66,6.66,6.66,6.66,6.66,6.66,6.66,6.66,6.66,6.66,6.66,6.66,6.66,6.66,6.66,6.66,6.66,6.66,6.66,6.66,6.66,6.66,6.66,6.66,6.66,6.66,6.66,6.66,6.66,6.66,6.66,6.66,6.66,6.66,6.66,6.66,6.66,6.66,6.66,6.66,6.66,6.66,6.66,6.66,6.66,6.66,6.66,6.66,6.66,6.66,6.66,6.66,6.66,6.66,6.66,6.66,6.66,6.66,6.66,6.66,6.66
origin_density_measure,7763.304057567985,7763.304057567985,7763.304057567985,7763.304057567985,7763.304057567985,7763.304057567985,7763.304057567985,7763.304057567985,7763.304057567985,7763.304057567985,7763.304057567985,7763.304057567985,7763.304057567985,7763.304057567985,7763.304057567985,7763.304057567985,7763.304057567985,7763.304057567985,7763.304057567985,7763.304057567985,7763.304057567985,7763.304057567985,7763.304057567985,7763.304057567985,7763.304057567985,7763.304057567985,7763.304057567985,7763.304057567985,7763.304057567985,7763.304057567985,7763.304057567985,7763.304057567985,7763.304057567985,7763.304057567985,7763.304057567985,7763.304057567985,7763.304057567985,7763.304057567985,7763.304057567985,7763.304057567985,7763.304057567985,7763.304057567985,7763.304057567985,7763.304057567985,7763.304057567985,7763.304057567985,7763.304057567985,7763.304057567985,7763.304057567985,7763.304057567985,7763.304057567985,7763.304057567985,7763.304057567985,7763.304057567985,7763.304057567985,7763.304057567985,7763.304057567985,7763.304057567985,7763.304057567985,7763.304057567985,7763.304057567985,7763.304057567985,7763.304057567985,7763.304057567985,7763.304057567985,7763.304057567985,7763.304057567985,7763.304057567985,7763.304057567985,7763.304057567985,7763.304057567985,7763.304057567985,7763.304057567985,7763.304057567985,7763.304057567985,7763.304057567985,7763.304057567985,7763.304057567985,7763.304057567985,7763.304057567985,7763.304057567985,7763.304057567985,7763.304057567985,7763.304057567985,7763.304057567985
dest_density_measure,62401.7355132145,453475.1838665714,18150.354647996755,16414.03295977206,13772.623377725997,8974.490775719902,1315.807391446012,20471.986129945384,14940.274394593263,8596.206591710192,15690.410257504916,6723.8124432968425,18090.162722144632,15909.871215627678,21443.2017959267,37811.02856683547,17383.69035786051,35981.40182629566,11576.214589999203,10931.130896349769,13942.005279934627,17525.035863461817,17888.64405584034,7183.0709182983355,16476.826395679494,3140.90359528485,7161.474923391402,5283.18564955583,2872.427221629701,147638.81764502433,2702.7699083198227,49807.373541872585,18698.048480264453,113181.72493455943,16922.29905891665,9129.580481398656,11674.230590060564,15215.352977709696,4915.547548764816,12885.941524119551,11965.823649191227,9412.839210775546,16588.633848745692,17292.311440682788,18090.162722144632,12259.206561067042,13186.606030826333,16384.768872377153,7843.0515451258625,10931.130896349769,17499.955981916843,7763.304057567985,145195.4152049207,20046.659035070214,4025.7487799212768,9623.765783355338,15820.29985117949,7774.967362756872,3406.1087299560972,42630.258215880815,19222.39529804824,17441.512212179503,2436.1357408058534,11277.264584344775,10801.891970716997,4043.9955863596,14940.274394593263,15909.871215627678,6707.209447620239,33408.05443125422,16384.768872377153,9307.621741960395,23004.49363108016,13942.005279934627,7763.304057567985,24921.880626693848,21728.95364980306,4025.7487799212768,14104.277215773445,21647.02307986858,19914.25034917546,12371.280169952715,5752.0020724161595,843.3792089413578,649.7145468710945
origin_density,2,2,2,2,2,2,2,2,2,2,2,2,2,2,2,2,2,2,2,2,2,2,2,2,2,2,2,2,2,2,2,2,2,2,2,2,2,2,2,2,2,2,2,2,2,2,2,2,2,2,2,2,2,2,2,2,2,2,2,2,2,2,2,2,2,2,2,2,2,2,2,2,2,2,2,2,2,2,2,2,2,2,2,2,2
dest_density,1,1,1,1,2,2,4,1,2,2,1,2,1,1,1,1,1,1,2,2,2,1,1,2,1,3,2,2,3,1,3,1,1,1,1,2,2,1,3,2,2,2,1,1,1,2,2,1,2,2,1,2,1,1,3,2,1,2,3,1,1,1,3,2,2,3,2,1,2,1,1,2,1,2,2,1,1,3,2,1,1,2,2,4,4
origin_zone_taxi_wait_time_mean,9.5,9.5,9.5,9.5,9.5,9.5,9.5,9.5,9.5,9.5,9.5,9.5,9.5,9.5,9.5,9.5,9.5,9.5,9.5,9.5,9.5,9.5,9.5,9.5,9.5,9.5,9.5,9.5,9.5,9.5,9.5,9.5,9.5,9.5,9.5,9.5,9.5,9.5,9.5,9.5,9.5,9.5,9.5,9.5,9.5,9.5,9.5,9.5,9.5,9.5,9.5,9.5,9.5,9.5,9.5,9.5,9.5,9.5,9.5,9.5,9.5,9.5,9.5,9.5,9.5,9.5,9.5,9.5,9.5,9.5,9.5,9.5,9.5,9.5,9.5,9.5,9.5,9.5,9.5,9.5,9.5,9.5,9.5,9.5,9.5
origin_zone_taxi_wait_time_sd,0,0,0,0,0,0,0,0,0,0,0,0,0,0,0,0,0,0,0,0,0,0,0,0,0,0,0,0,0,0,0,0,0,0,0,0,0,0,0,0,0,0,0,0,0,0,0,0,0,0,0,0,0,0,0,0,0,0,0,0,0,0,0,0,0,0,0,0,0,0,0,0,0,0,0,0,0,0,0,0,0,0,0,0,0
dest_zone_taxi_wait_time_mean,5.5,5.5,5.5,5.5,9.5,9.5,17.3,5.5,9.5,9.5,5.5,9.5,5.5,5.5,5.5,5.5,5.5,5.5,9.5,9.5,9.5,5.5,5.5,9.5,5.5,13.3,9.5,9.5,13.3,5.5,13.3,5.5,5.5,5.5,5.5,9.5,9.5,5.5,13.3,9.5,9.5,9.5,5.5,5.5,5.5,9.5,9.5,5.5,9.5,9.5,5.5,9.5,5.5,5.5,13.3,9.5,5.5,9.5,13.3,5.5,5.5,5.5,13.3,9.5,9.5,13.3,9.5,5.5,9.5,5.5,5.5,9.5,5.5,9.5,9.5,5.5,5.5,13.3,9.5,5.5,5.5,9.5,9.5,17.3,17.3
dest_zone_taxi_wait_time_sd,0,0,0,0,0,0,0,0,0,0,0,0,0,0,0,0,0,0,0,0,0,0,0,0,0,0,0,0,0,0,0,0,0,0,0,0,0,0,0,0,0,0,0,0,0,0,0,0,0,0,0,0,0,0,0,0,0,0,0,0,0,0,0,0,0,0,0,0,0,0,0,0,0,0,0,0,0,0,0,0,0,0,0,0,0
origTaxiWaitTime,9.500000000000002,9.500000000000002,9.500000000000002,9.500000000000002,9.500000000000002,9.500000000000002,9.500000000000002,9.500000000000002,9.500000000000002,9.500000000000002,9.500000000000002,9.500000000000002,9.500000000000002,9.500000000000002,9.500000000000002,9.500000000000002,9.500000000000002,9.500000000000002,9.500000000000002,9.500000000000002,9.500000000000002,9.500000000000002,9.500000000000002,9.500000000000002,9.500000000000002,9.500000000000002,9.500000000000002,9.500000000000002,9.500000000000002,9.500000000000002,9.500000000000002,9.500000000000002,9.500000000000002,9.500000000000002,9.500000000000002,9.500000000000002,9.500000000000002,9.500000000000002,9.500000000000002,9.500000000000002,9.500000000000002,9.500000000000002,9.500000000000002,9.500000000000002,9.500000000000002,9.500000000000002,9.500000000000002,9.500000000000002,9.500000000000002,9.500000000000002,9.500000000000002,9.500000000000002,9.500000000000002,9.500000000000002,9.500000000000002,9.500000000000002,9.500000000000002,9.500000000000002,9.500000000000002,9.500000000000002,9.500000000000002,9.500000000000002,9.500000000000002,9.500000000000002,9.500000000000002,9.500000000000002,9.500000000000002,9.500000000000002,9.500000000000002,9.500000000000002,9.500000000000002,9.500000000000002,9.500000000000002,9.500000000000002,9.500000000000002,9.500000000000002,9.500000000000002,9.500000000000002,9.500000000000002,9.500000000000002,9.500000000000002,9.500000000000002,9.500000000000002,9.500000000000002,9.500000000000002
destTaxiWaitTime,5.5,5.5,5.5,5.5,9.500000000000002,9.500000000000002,17.3,5.5,9.500000000000002,9.500000000000002,5.5,9.500000000000002,5.5,5.5,5.5,5.5,5.5,5.5,9.500000000000002,9.500000000000002,9.500000000000002,5.5,5.5,9.500000000000002,5.5,13.300000000000002,9.500000000000002,9.500000000000002,13.300000000000002,5.5,13.300000000000002,5.5,5.5,5.5,5.5,9.500000000000002,9.500000000000002,5.5,13.300000000000002,9.500000000000002,9.500000000000002,9.500000000000002,5.5,5.5,5.5,9.500000000000002,9.500000000000002,5.5,9.500000000000002,9.500000000000002,5.5,9.500000000000002,5.5,5.5,13.300000000000002,9.500000000000002,5.5,9.500000000000002,13.300000000000002,5.5,5.5,5.5,13.300000000000002,9.500000000000002,9.500000000000002,13.300000000000002,9.500000000000002,5.5,9.500000000000002,5.5,5.5,9.500000000000002,5.5,9.500000000000002,9.500000000000002,5.5,5.5,13.300000000000002,9.500000000000002,5.5,5.5,9.500000000000002,9.500000000000002,17.3,17.3
origin_zone_singleTNC_wait_time_mean,6.3,6.3,6.3,6.3,6.3,6.3,6.3,6.3,6.3,6.3,6.3,6.3,6.3,6.3,6.3,6.3,6.3,6.3,6.3,6.3,6.3,6.3,6.3,6.3,6.3,6.3,6.3,6.3,6.3,6.3,6.3,6.3,6.3,6.3,6.3,6.3,6.3,6.3,6.3,6.3,6.3,6.3,6.3,6.3,6.3,6.3,6.3,6.3,6.3,6.3,6.3,6.3,6.3,6.3,6.3,6.3,6.3,6.3,6.3,6.3,6.3,6.3,6.3,6.3,6.3,6.3,6.3,6.3,6.3,6.3,6.3,6.3,6.3,6.3,6.3,6.3,6.3,6.3,6.3,6.3,6.3,6.3,6.3,6.3,6.3
origin_zone_singleTNC_wait_time_sd,0,0,0,0,0,0,0,0,0,0,0,0,0,0,0,0,0,0,0,0,0,0,0,0,0,0,0,0,0,0,0,0,0,0,0,0,0,0,0,0,0,0,0,0,0,0,0,0,0,0,0,0,0,0,0,0,0,0,0,0,0,0,0,0,0,0,0,0,0,0,0,0,0,0,0,0,0,0,0,0,0,0,0,0,0
dest_zone_singleTNC_wait_time_mean,3.0,3.0,3.0,3.0,6.3,6.3,8.5,3.0,6.3,6.3,3.0,6.3,3.0,3.0,3.0,3.0,3.0,3.0,6.3,6.3,6.3,3.0,3.0,6.3,3.0,8.4,6.3,6.3,8.4,3.0,8.4,3.0,3.0,3.0,3.0,6.3,6.3,3.0,8.4,6.3,6.3,6.3,3.0,3.0,3.0,6.3,6.3,3.0,6.3,6.3,3.0,6.3,3.0,3.0,8.4,6.3,3.0,6.3,8.4,3.0,3.0,3.0,8.4,6.3,6.3,8.4,6.3,3.0,6.3,3.0,3.0,6.3,3.0,6.3,6.3,3.0,3.0,8.4,6.3,3.0,3.0,6.3,6.3,8.5,8.5
dest_zone_singleTNC_wait_time_sd,0,0,0,0,0,0,0,0,0,0,0,0,0,0,0,0,0,0,0,0,0,0,0,0,0,0,0,0,0,0,0,0,0,0,0,0,0,0,0,0,0,0,0,0,0,0,0,0,0,0,0,0,0,0,0,0,0,0,0,0,0,0,0,0,0,0,0,0,0,0,0,0,0,0,0,0,0,0,0,0,0,0,0,0,0
origSingleTNCWaitTime,6.299999999999999,6.299999999999999,6.299999999999999,6.299999999999999,6.299999999999999,6.299999999999999,6.299999999999999,6.299999999999999,6.299999999999999,6.299999999999999,6.299999999999999,6.299999999999999,6.299999999999999,6.299999999999999,6.299999999999999,6.299999999999999,6.299999999999999,6.299999999999999,6.299999999999999,6.299999999999999,6.299999999999999,6.299999999999999,6.299999999999999,6.299999999999999,6.299999999999999,6.299999999999999,6.299999999999999,6.299999999999999,6.299999999999999,6.299999999999999,6.299999999999999,6.299999999999999,6.299999999999999,6.299999999999999,6.299999999999999,6.299999999999999,6.299999999999999,6.299999999999999,6.299999999999999,6.299999999999999,6.299999999999999,6.299999999999999,6.299999999999999,6.299999999999999,6.299999999999999,6.299999999999999,6.299999999999999,6.299999999999999,6.299999999999999,6.299999999999999,6.299999999999999,6.299999999999999,6.299999999999999,6.299999999999999,6.299999999999999,6.299999999999999,6.299999999999999,6.299999999999999,6.299999999999999,6.299999999999999,6.299999999999999,6.299999999999999,6.299999999999999,6.299999999999999,6.299999999999999,6.299999999999999,6.299999999999999,6.299999999999999,6.299999999999999,6.299999999999999,6.299999999999999,6.299999999999999,6.299999999999999,6.299999999999999,6.299999999999999,6.299999999999999,6.299999999999999,6.299999999999999,6.299999999999999,6.299999999999999,6.299999999999999,6.299999999999999,6.299999999999999,6.299999999999999,6.299999999999999
destSingleTNCWaitTime,3.0000000000000004,3.0000000000000004,3.0000000000000004,3.0000000000000004,6.299999999999999,6.299999999999999,8.5,3.0000000000000004,6.299999999999999,6.299999999999999,3.0000000000000004,6.299999999999999,3.0000000000000004,3.0000000000000004,3.0000000000000004,3.0000000000000004,3.0000000000000004,3.0000000000000004,6.299999999999999,6.299999999999999,6.299999999999999,3.0000000000000004,3.0000000000000004,6.299999999999999,3.0000000000000004,8.4,6.299999999999999,6.299999999999999,8.4,3.0000000000000004,8.4,3.0000000000000004,3.0000000000000004,3.0000000000000004,3.0000000000000004,6.299999999999999,6.299999999999999,3.0000000000000004,8.4,6.299999999999999,6.299999999999999,6.299999999999999,3.0000000000000004,3.0000000000000004,3.0000000000000004,6.299999999999999,6.299999999999999,3.0000000000000004,6.299999999999999,6.299999999999999,3.0000000000000004,6.299999999999999,3.0000000000000004,3.0000000000000004,8.4,6.299999999999999,3.0000000000000004,6.299999999999999,8.4,3.0000000000000004,3.0000000000000004,3.0000000000000004,8.4,6.299999999999999,6.299999999999999,8.4,6.299999999999999,3.0000000000000004,6.299999999999999,3.0000000000000004,3.0000000000000004,6.299999999999999,3.0000000000000004,6.299999999999999,6.299999999999999,3.0000000000000004,3.0000000000000004,8.4,6.299999999999999,3.0000000000000004,3.0000000000000004,6.299999999999999,6.299999999999999,8.5,8.5
origin_zone_sharedTNC_wait_time_mean,8.0,8.0,8.0,8.0,8.0,8.0,8.0,8.0,8.0,8.0,8.0,8.0,8.0,8.0,8.0,8.0,8.0,8.0,8.0,8.0,8.0,8.0,8.0,8.0,8.0,8.0,8.0,8.0,8.0,8.0,8.0,8.0,8.0,8.0,8.0,8.0,8.0,8.0,8.0,8.0,8.0,8.0,8.0,8.0,8.0,8.0,8.0,8.0,8.0,8.0,8.0,8.0,8.0,8.0,8.0,8.0,8.0,8.0,8.0,8.0,8.0,8.0,8.0,8.0,8.0,8.0,8.0,8.0,8.0,8.0,8.0,8.0,8.0,8.0,8.0,8.0,8.0,8.0,8.0,8.0,8.0,8.0,8.0,8.0,8.0
origin_zone_sharedTNC_wait_time_sd,0,0,0,0,0,0,0,0,0,0,0,0,0,0,0,0,0,0,0,0,0,0,0,0,0,0,0,0,0,0,0,0,0,0,0,0,0,0,0,0,0,0,0,0,0,0,0,0,0,0,0,0,0,0,0,0,0,0,0,0,0,0,0,0,0,0,0,0,0,0,0,0,0,0,0,0,0,0,0,0,0,0,0,0,0
dest_zone_sharedTNC_wait_time_mean,5.0,5.0,5.0,5.0,8.0,8.0,15.0,5.0,8.0,8.0,5.0,8.0,5.0,5.0,5.0,5.0,5.0,5.0,8.0,8.0,8.0,5.0,5.0,8.0,5.0,11.0,8.0,8.0,11.0,5.0,11.0,5.0,5.0,5.0,5.0,8.0,8.0,5.0,11.0,8.0,8.0,8.0,5.0,5.0,5.0,8.0,8.0,5.0,8.0,8.0,5.0,8.0,5.0,5.0,11.0,8.0,5.0,8.0,11.0,5.0,5.0,5.0,11.0,8.0,8.0,11.0,8.0,5.0,8.0,5.0,5.0,8.0,5.0,8.0,8.0,5.0,5.0,11.0,8.0,5.0,5.0,8.0,8.0,15.0,15.0
dest_zone_sharedTNC_wait_time_sd,0,0,0,0,0,0,0,0,0,0,0,0,0,0,0,0,0,0,0,0,0,0,0,0,0,0,0,0,0,0,0,0,0,0,0,0,0,0,0,0,0,0,0,0,0,0,0,0,0,0,0,0,0,0,0,0,0,0,0,0,0,0,0,0,0,0,0,0,0,0,0,0,0,0,0,0,0,0,0,0,0,0,0,0,0
origSharedTNCWaitTime,7.999999999999998,7.999999999999998,7.999999999999998,7.999999999999998,7.999999999999998,7.999999999999998,7.999999999999998,7.999999999999998,7.999999999999998,7.999999999999998,7.999999999999998,7.999999999999998,7.999999999999998,7.999999999999998,7.999999999999998,7.999999999999998,7.999999999999998,7.999999999999998,7.999999999999998,7.999999999999998,7.999999999999998,7.999999999999998,7.999999999999998,7.999999999999998,7.999999999999998,7.999999999999998,7.999999999999998,7.999999999999998,7.999999999999998,7.999999999999998,7.999999999999998,7.999999999999998,7.999999999999998,7.999999999999998,7.999999999999998,7.999999999999998,7.999999999999998,7.999999999999998,7.999999999999998,7.999999999999998,7.999999999999998,7.999999999999998,7.999999999999998,7.999999999999998,7.999999999999998,7.999999999999998,7.999999999999998,7.999999999999998,7.999999999999998,7.999999999999998,7.999999999999998,7.999999999999998,7.999999999999998,7.999999999999998,7.999999999999998,7.999999999999998,7.999999999999998,7.999999999999998,7.999999999999998,7.999999999999998,7.999999999999998,7.999999999999998,7.999999999999998,7.999999999999998,7.999999999999998,7.999999999999998,7.999999999999998,7.999999999999998,7.999999999999998,7.999999999999998,7.999999999999998,7.999999999999998,7.999999999999998,7.999999999999998,7.999999999999998,7.999999999999998,7.999999999999998,7.999999999999998,7.999999999999998,7.999999999999998,7.999999999999998,7.999999999999998,7.999999999999998,7.999999999999998,7.999999999999998
destSharedTNCWaitTime,4.999999999999999,4.999999999999999,4.999999999999999,4.999999999999999,7.999999999999998,7.999999999999998,15.0,4.999999999999999,7.999999999999998,7.999999999999998,4.999999999999999,7.999999999999998,4.999999999999999,4.999999999999999,4.999999999999999,4.999999999999999,4.999999999999999,4.999999999999999,7.999999999999998,7.999999999999998,7.999999999999998,4.999999999999999,4.999999999999999,7.999999999999998,4.999999999999999,11.000000000000002,7.999999999999998,7.999999999999998,11.000000000000002,4.999999999999999,11.000000000000002,4.999999999999999,4.999999999999999,4.999999999999999,4.999999999999999,7.999999999999998,7.999999999999998,4.999999999999999,11.000000000000002,7.999999999999998,7.999999999999998,7.999999999999998,4.999999999999999,4.999999999999999,4.999999999999999,7.999999999999998,7.999999999999998,4.999999999999999,7.999999999999998,7.999999999999998,4.999999999999999,7.999999999999998,4.999999999999999,4.999999999999999,11.000000000000002,7.999999999999998,4.999999999999999,7.999999999999998,11.000000000000002,4.999999999999999,4.999999999999999,4.999999999999999,11.000000000000002,7.999999999999998,7.999999999999998,11.000000000000002,7.999999999999998,4.999999999999999,7.999999999999998,4.999999999999999,4.999999999999999,7.999999999999998,4.999999999999999,7.999999999999998,7.999999999999998,4.999999999999999,4.999999999999999,11.000000000000002,7.999999999999998,4.999999999999999,4.999999999999999,7.999999999999998,7.999999999999998,15.0,15.0
totalWaitTaxi,15.000000000000002,15.000000000000002,15.000000000000002,15.000000000000002,19.000000000000004,19.000000000000004,26.800000000000004,15.000000000000002,19.000000000000004,19.000000000000004,15.000000000000002,19.000000000000004,15.000000000000002,15.000000000000002,15.000000000000002,15.000000000000002,15.000000000000002,15.000000000000002,19.000000000000004,19.000000000000004,19.000000000000004,15.000000000000002,15.000000000000002,19.000000000000004,15.000000000000002,22.800000000000004,19.000000000000004,19.000000000000004,22.800000000000004,15.000000000000002,22.800000000000004,15.000000000000002,15.000000000000002,15.000000000000002,15.000000000000002,19.000000000000004,19.000000000000004,15.000000000000002,22.800000000000004,19.000000000000004,19.000000000000004,19.000000000000004,15.000000000000002,15.000000000000002,15.000000000000002,19.000000000000004,19.000000000000004,15.000000000000002,19.000000000000004,19.000000000000004,15.000000000000002,19.000000000000004,15.000000000000002,15.000000000000002,22.800000000000004,19.000000000000004,15.000000000000002,19.000000000000004,22.800000000000004,15.000000000000002,15.000000000000002,15.000000000000002,22.800000000000004,19.000000000000004,19.000000000000004,22.800000000000004,19.000000000000004,15.000000000000002,19.000000000000004,15.000000000000002,15.000000000000002,19.000000000000004,15.000000000000002,19.000000000000004,19.000000000000004,15.000000000000002,15.000000000000002,22.800000000000004,19.000000000000004,15.000000000000002,15.000000000000002,19.000000000000004,19.000000000000004,26.800000000000004,26.800000000000004
totalWaitSingleTNC,9.299999999999999,9.299999999999999,9.299999999999999,9.299999999999999,12.599999999999998,12.599999999999998,14.799999999999999,9.299999999999999,12.599999999999998,12.599999999999998,9.299999999999999,12.599999999999998,9.299999999999999,9.299999999999999,9.299999999999999,9.299999999999999,9.299999999999999,9.299999999999999,12.599999999999998,12.599999999999998,12.599999999999998,9.299999999999999,9.299999999999999,12.599999999999998,9.299999999999999,14.7,12.599999999999998,12.599999999999998,14.7,9.299999999999999,14.7,9.299999999999999,9.299999999999999,9.299999999999999,9.299999999999999,12.599999999999998,12.599999999999998,9.299999999999999,14.7,12.599999999999998,12.599999999999998,12.599999999999998,9.299999999999999,9.299999999999999,9.299999999999999,12.599999999999998,12.599999999999998,9.299999999999999,12.599999999999998,12.599999999999998,9.299999999999999,12.599999999999998,9.299999999999999,9.299999999999999,14.7,12.599999999999998,9.299999999999999,12.599999999999998,14.7,9.299999999999999,9.299999999999999,9.299999999999999,14.7,12.599999999999998,12.599999999999998,14.7,12.599999999999998,9.299999999999999,12.599999999999998,9.299999999999999,9.299999999999999,12.599999999999998,9.299999999999999,12.599999999999998,12.599999999999998,9.299999999999999,9.299999999999999,14.7,12.599999999999998,9.299999999999999,9.299999999999999,12.599999999999998,12.599999999999998,14.799999999999999,14.799999999999999
totalWaitSharedTNC,12.999999999999996,12.999999999999996,12.999999999999996,12.999999999999996,15.999999999999996,15.999999999999996,23.0,12.999999999999996,15.999999999999996,15.999999999999996,12.999999999999996,15.999999999999996,12.999999999999996,12.999999999999996,12.999999999999996,12.999999999999996,12.999999999999996,12.999999999999996,15.999999999999996,15.999999999999996,15.999999999999996,12.999999999999996,12.999999999999996,15.999999999999996,12.999999999999996,19.0,15.999999999999996,15.999999999999996,19.0,12.999999999999996,19.0,12.999999999999996,12.999999999999996,12.999999999999996,12.999999999999996,15.999999999999996,15.999999999999996,12.999999999999996,19.0,15.999999999999996,15.999999999999996,15.999999999999996,12.999999999999996,12.999999999999996,12.999999999999996,15.999999999999996,15.999999999999996,12.999999999999996,15.999999999999996,15.999999999999996,12.999999999999996,15.999999999999996,12.999999999999996,12.999999999999996,19.0,15.999999999999996,12.999999999999996,15.999999999999996,19.0,12.999999999999996,12.999999999999996,12.999999999999996,19.0,15.999999999999996,15.999999999999996,19.0,15.999999999999996,12.999999999999996,15.999999999999996,12.999999999999996,12.999999999999996,15.999999999999996,12.999999999999996,15.999999999999996,15.999999999999996,12.999999999999996,12.999999999999996,19.0,15.999999999999996,12.999999999999996,12.999999999999996,15.999999999999996,15.999999999999996,23.0,23.0
_free_parking_available,False,False,False,False,False,False,False,False,False,False,False,False,False,False,False,False,False,False,False,False,False,False,False,False,False,False,False,False,False,False,False,False,False,False,False,False,False,False,False,False,False,False,False,False,False,False,False,False,False,False,False,False,False,False,False,False,False,False,False,False,False,False,False,False,False,False,False,False,False,False,False,False,False,False,False,False,False,False,False,False,False,False,False,False,False
_dest_hourly_peak_parking_cost,110.73114701091049,514.814710505412,31.35787542868762,5.238942332386756,13.013824977600846,2.404295091207149,0.16591341971151985,14.239269768789608,7.359533896663704,7.205211857954817,12.985235917079446,1.0279296009917092,8.151828381500223,10.00493690577674,14.515617144195904,18.042829856791908,19.28329103894081,60.43713507088099,4.295098844502356,14.459048746299029,13.21387308140903,30.986741713160004,25.163796201972445,4.052885424857422,18.39028871087444,0.0,0.0,9.61064700488348,0.7699029705074254,314.0095312877405,1.915430760802184,89.04768355455204,14.234532826491945,176.30006287244362,0.9295546574648672,2.8262771012858368,12.767853056744954,2.4140008784192304,3.916755440087369,0.0,0.0,1.9883098994690365,6.131583076269474,0.0,8.151828381500223,8.193805384992224,8.791849061248476,13.688940406899814,5.557973377528844,14.459048746299029,13.40844786336284,5.149440606497332,193.01855574925446,36.4332758335306,4.760288771395376,4.431603486076637,11.820483054553875,1.9853401053250792,2.296721842968851,38.36902154486247,5.072981705467918,2.7408557593722485,0.0,9.609483848131033,7.5440864934567875,1.3055237673675966,7.359533896663704,10.00493690577674,4.507115655282486,71.97800910581238,13.688940406899814,3.2689104047294806,23.42694816103803,13.21387308140903,5.149440606497332,16.356630806384487,35.766509901760685,4.760288771395376,29.544716225532017,35.72316257227078,21.756293173281016,11.318471713206884,3.479307097365953,0.16685020452236288,0.0
_dest_hourly_offpeak_parking_cost,272.73695181810257,1513.6606416749335,86.97671243616062,22.8489112433186,40.854622310135156,8.018255852910514,0.31249746310164994,38.762297866072615,1.038491227942444,15.73881086265982,1.1702102257748663,1.0376056875631647,0.0,10.446381781793091,13.44767582378256,0.0,28.828077079333468,82.70762878761252,18.39464596056402,42.438294878242026,36.774320463226935,61.5516502532189,67.9993746335487,16.60200539258728,62.34450991537317,0.17274701259622915,0.0,20.256513545246392,3.119133510731518,669.8816939649389,2.6589436856979987,266.08240079091104,38.642175440367744,489.30131080094736,0.1313982383695702,13.427136837436063,29.464345493002554,0.0,11.128608542279537,0.0,0.0,8.338235397181819,2.859187802461875,0.0,0.0,20.588363450257013,20.9513361072097,34.9163342370528,16.992496174801172,42.438294878242026,37.39600604481589,12.345014382708529,502.7841737286361,86.51556699918491,13.32727582063832,20.868994085525614,34.372846487503374,5.90822457748618,7.475180078293718,124.90103404802437,6.208317447866138,12.38603628885062,0.0,24.370757203782958,25.0739587462967,4.140768629787267,1.038491227942444,10.446381781793091,16.302716576586448,212.27625629043087,34.9163342370528,13.87572732379408,65.47561571584117,36.774320463226935,12.345014382708529,9.448571770863822,94.14375730269668,13.32727582063832,56.33792590298121,83.54719019906473,56.88598762007206,31.849599713325983,12.376119773993757,0.9330639037725116,0.0
_hourly_peak_parking_cost,110.73114701091049,514.814710505412,31.35787542868762,5.238942332386756,13.013824977600846,2.404295091207149,0.16591341971151985,14.239269768789608,7.359533896663704,7.205211857954817,12.985235917079446,1.0279296009917092,8.151828381500223,10.00493690577674,14.515617144195904,18.042829856791908,19.28329103894081,60.43713507088099,4.295098844502356,14.459048746299029,13.21387308140903,30.986741713160004,25.163796201972445,4.052885424857422,18.39028871087444,0.0,0.0,9.61064700488348,0.7699029705074254,314.0095312877405,1.915430760802184,89.04768355455204,14.234532826491945,176.30006287244362,0.9295546574648672,2.8262771012858368,12.767853056744954,2.4140008784192304,3.916755440087369,0.0,0.0,1.9883098994690365,6.131583076269474,0.0,8.151828381500223,8.193805384992224,8.791849061248476,13.688940406899814,5.557973377528844,14.459048746299029,13.40844786336284,5.149440606497332,193.01855574925446,36.4332758335306,4.760288771395376,4.431603486076637,11.820483054553875,1.9853401053250792,2.296721842968851,38.36902154486247,5.072981705467918,2.7408557593722485,0.0,9.609483848131033,7.5440864934567875,1.3055237673675966,7.359533896663704,10.00493690577674,4.507115655282486,71.97800910581238,13.688940406899814,3.2689104047294806,23.42694816103803,13.21387308140903,5.149440606497332,16.356630806384487,35.766509901760685,4.760288771395376,29.544716225532017,35.72316257227078,21.756293173281016,11.318471713206884,3.479307097365953,0.16685020452236288,0.0
_hourly_offpeak_parking_cost,272.73695181810257,1513.6606416749335,86.97671243616062,22.8489112433186,40.854622310135156,8.018255852910514,0.31249746310164994,38.762297866072615,1.038491227942444,15.73881086265982,1.1702102257748663,1.0376056875631647,0.0,10.446381781793091,13.44767582378256,0.0,28.828077079333468,82.70762878761252,18.39464596056402,42.438294878242026,36.774320463226935,61.5516502532189,67.9993746335487,16.60200539258728,62.34450991537317,0.17274701259622915,0.0,20.256513545246392,3.119133510731518,669.8816939649389,2.6589436856979987,266.08240079091104,38.642175440367744,489.30131080094736,0.1313982383695702,13.427136837436063,29.464345493002554,0.0,11.128608542279537,0.0,0.0,8.338235397181819,2.859187802461875,0.0,0.0,20.588363450257013,20.9513361072097,34.9163342370528,16.992496174801172,42.438294878242026,37.39600604481589,12.345014382708529,502.7841737286361,86.51556699918491,13.32727582063832,20.868994085525614,34.372846487503374,5.90822457748618,7.475180078293718,124.90103404802437,6.208317447866138,12.38603628885062,0.0,24.370757203782958,25.0739587462967,4.140768629787267,1.038491227942444,10.446381781793091,16.302716576586448,212.27625629043087,34.9163342370528,13.87572732379408,65.47561571584117,36.774320463226935,12.345014382708529,9.448571770863822,94.14375730269668,13.32727582063832,56.33792590298121,83.54719019906473,56.88598762007206,31.849599713325983,12.376119773993757,0.9330639037725116,0.0
daily_parking_cost,1636.4217109086153,9081.9638500496,521.8602746169638,137.0934674599116,245.12773386081093,48.10953511746308,1.8749847786098996,232.5737871964357,6.2309473676546645,94.43286517595892,7.021261354649198,6.225634125378988,0.0,62.678290690758544,80.68605494269536,0.0,172.9684624760008,496.2457727256751,110.36787576338412,254.62976926945214,220.64592277936163,369.3099015193134,407.99624780129216,99.61203235552368,374.067059492239,1.036482075577375,0.0,121.53908127147835,18.714801064389107,4019.2901637896334,15.953662114187992,1596.4944047454662,231.85305264220648,2935.8078648056844,0.7883894302174212,80.56282102461637,176.78607295801532,0.0,66.77165125367722,0.0,0.0,50.029412383090914,17.15512681477125,0.0,0.0,123.53018070154208,125.70801664325819,209.4980054223168,101.95497704880702,254.62976926945214,224.37603626889535,74.07008629625118,3016.7050423718165,519.0934019951095,79.96365492382992,125.21396451315368,206.23707892502023,35.44934746491708,44.85108046976231,749.4062042881462,37.24990468719683,74.31621773310373,0.0,146.22454322269775,150.4437524777802,24.844611778723603,6.2309473676546645,62.678290690758544,97.81629945951869,1273.6575377425852,209.4980054223168,83.25436394276448,392.85369429504703,220.64592277936163,74.07008629625118,56.69143062518293,564.86254381618,79.96365492382992,338.02755541788724,501.28314119438835,341.31592572043235,191.0975982799559,74.25671864396254,5.598383422635069,0.0
distance,13.720000267028809,13.609999656677246,15.949999809265137,17.3799991607666,22.84000015258789,50.34000015258789,24.510000228881836,9.319999694824219,8.119999885559082,8.140000343322754,6.380000114440918,5.260000228881836,6.340000152587891,5.929999828338623,6.269999980926514,4.510000228881836,5.059999942779541,3.819999933242798,3.5899999141693115,2.3299999237060547,1.8300000429153442,6.409999847412109,5.619999885559082,9.15999984741211,19.889999389648438,41.2400016784668,37.439998626708984,26.3799991607666,50.79999923706055,13.079999923706055,10.609999656677246,14.0,18.309999465942383,13.529999732971191,22.709999084472656,34.400001525878906,43.38999938964844,44.34000015258789,34.61000061035156,22.8799991607666,12.350000381469727,15.380000114440918,12.319999694824219,8.239999771118164,6.340000152587891,7.070000171661377,2.75,3.8399999141693115,5.579999923706055,2.3299999237060547,1.7699999809265137,0.7599999904632568,2.5399999618530273,5.059999942779541,5.059999942779541,6.829999923706055,9.520000457763672,18.6200008392334,29.790000915527344,14.619999885559082,19.31999969482422,28.1200008392334,44.119998931884766,43.93000030517578,24.469999313354492,27.850000381469727,8.119999885559082,5.929999828338623,8.199999809265137,4.0,3.8399999141693115,5.570000171661377,3.180000066757202,1.8300000429153442,0.7599999904632568,1.5199999809265137,4.809999942779541,5.059999942779541,4.619999885559082,6.840000152587891,7.440000057220459,8.529999732971191,10.140000343322754,10.850000381469727,36.880001068115234
congestion_destination,False,True,False,False,False,False,False,False,False,False,False,False,False,False,False,False,False,False,False,False,False,False,False,False,False,False,False,False,False,True,False,False,False,True,False,False,False,False,False,False,False,False,False,False,False,False,False,False,False,False,False,False,False,False,False,False,False,False,False,False,False,False,False,False,False,False,False,False,False,False,False,False,False,False,False,False,False,False,False,False,False,False,False,False,False
sov_available,True,True,True,True,True,True,True,True,True,True,True,True,True,True,True,True,True,True,True,True,True,True,True,True,True,True,True,True,True,True,True,True,True,True,True,True,True,True,True,True,True,True,True,True,True,True,True,True,True,True,True,True,True,True,True,True,True,True,True,True,True,True,True,True,True,True,True,True,True,True,True,True,True,True,True,True,True,True,True,True,True,True,True,True,True
sovtoll_available,False,False,False,False,False,False,False,False,False,False,False,False,False,False,False,False,False,False,False,False,False,False,False,False,False,False,False,False,False,False,False,False,False,False,False,False,False,False,False,False,False,False,False,False,False,False,False,False,False,False,False,False,False,False,False,False,False,False,False,False,False,False,True,False,False,False,False,False,False,False,False,False,False,False,False,False,False,False,False,False,False,False,False,False,False
hov2_available,True,True,True,True,True,True,True,True,True,True,True,True,True,True,True,True,True,True,True,True,True,True,True,True,True,True,True,True,True,True,True,True,True,True,True,True,True,True,True,True,True,True,True,True,True,True,True,True,True,True,True,True,True,True,True,True,True,True,True,True,True,True,True,True,True,True,True,True,True,True,True,True,True,True,True,True,True,True,True,True,True,True,True,True,True
hov2toll_available,False,False,False,False,False,False,False,False,False,False,False,False,False,False,False,False,False,False,False,False,False,False,False,False,False,False,False,False,False,False,False,False,False,False,False,False,True,True,False,False,False,False,False,False,False,False,False,False,False,False,False,False,False,False,False,False,False,False,False,False,False,False,False,False,False,False,False,False,False,False,False,False,False,False,False,False,False,False,False,False,False,False,False,False,False
hov3_available,True,True,True,True,True,True,True,True,True,True,True,True,True,True,True,True,True,True,True,True,True,True,True,True,True,True,True,True,True,True,True,True,True,True,True,True,True,True,True,True,True,True,True,True,True,True,True,True,True,True,True,True,True,True,True,True,True,True,True,True,True,True,True,True,True,True,True,True,True,True,True,True,True,True,True,True,True,True,True,True,True,True,True,True,True
hov3toll_available,False,False,False,False,False,False,False,False,False,False,False,False,False,False,False,False,False,False,False,False,False,False,False,False,False,False,False,False,False,False,False,False,False,False,False,False,False,False,False,False,False,False,False,False,False,False,False,False,False,False,False,False,False,False,False,False,False,False,False,False,False,False,False,False,False,False,False,False,False,False,False,False,False,False,False,False,False,False,False,False,False,False,False,False,False
walk_local_available,False,False,False,False,False,False,False,False,False,False,False,False,False,False,False,False,False,False,False,False,False,False,False,False,False,False,False,False,False,False,False,False,False,False,False,False,False,False,False,False,False,False,False,False,False,False,False,False,False,False,False,False,False,False,False,False,False,False,False,False,False,False,False,False,False,False,False,False,False,False,False,False,False,False,False,False,False,False,False,False,False,False,False,False,False
walk_commuter_available,False,False,False,False,False,False,False,False,False,False,False,False,False,False,False,False,False,False,False,False,False,False,False,False,False,False,False,False,False,False,False,False,False,False,False,False,False,False,False,False,False,False,False,False,False,False,False,False,False,False,False,False,False,False,False,False,False,False,False,False,False,False,False,False,False,False,False,False,False,False,False,False,False,False,False,False,False,False,False,False,False,False,False,False,False
walk_express_available,False,False,False,False,False,False,False,True,True,True,True,True,True,False,True,True,False,False,False,False,False,False,False,False,False,False,False,False,False,False,False,False,False,False,False,False,False,False,False,False,False,False,True,True,True,True,False,False,True,False,False,False,False,False,True,False,False,False,False,False,False,False,False,False,False,False,True,False,False,False,False,True,False,False,False,False,False,True,False,True,False,False,False,False,False
walk_heavyrail_available,True,True,True,True,False,False,False,False,False,False,True,False,False,False,False,False,False,False,False,False,False,False,False,True,True,False,False,False,False,True,True,True,True,True,True,False,False,False,False,False,True,False,True,False,False,False,False,False,False,False,False,False,False,True,False,True,False,True,False,True,True,False,False,False,True,False,False,False,False,False,False,False,False,False,False,False,True,False,False,True,True,True,True,False,False
walk_lrf_available,True,True,True,True,False,False,False,True,True,True,True,True,True,True,True,True,True,True,True,True,True,True,True,True,False,False,False,False,False,True,True,True,True,True,False,False,False,False,False,False,False,False,False,True,True,True,True,True,True,True,True,False,True,True,True,True,True,False,False,True,True,False,False,False,False,False,True,True,False,True,True,True,True,True,False,True,True,True,True,True,True,True,False,False,False
walk_ferry_available,True,True,True,True,False,False,False,True,True,True,True,True,True,True,True,True,True,True,True,True,True,True,True,True,False,False,False,False,False,True,True,True,True,True,False,False,False,False,False,False,False,False,False,True,True,True,True,True,True,True,True,False,True,True,True,True,True,False,False,True,True,False,False,False,False,False,True,True,False,True,True,True,True,True,False,True,True,True,True,True,True,True,False,False,False
drive_local_available,False,False,False,False,False,False,False,True,True,True,True,True,True,True,True,True,True,True,True,True,True,True,True,False,False,False,False,False,False,False,False,False,False,False,False,False,False,False,False,False,True,False,True,True,True,True,True,True,True,True,True,False,True,True,True,True,True,False,False,False,False,False,False,False,False,False,True,True,False,True,True,True,True,True,False,True,True,True,True,True,True,True,False,False,False
drive_commuter_available,True,True,False,True,False,False,False,True,True,True,True,True,True,True,True,True,True,True,True,True,True,True,True,True,True,False,False,False,False,True,True,False,False,True,False,False,False,False,False,False,False,False,True,True,True,True,True,False,False,True,True,False,True,True,True,True,True,True,False,False,False,False,False,False,False,False,True,True,False,True,False,False,False,True,False,True,True,True,True,True,True,True,True,False,False
drive_express_available,True,True,False,True,False,False,False,True,True,True,True,True,False,False,False,False,False,False,False,False,False,True,False,False,False,False,False,False,False,True,True,False,False,True,False,False,False,False,False,False,False,False,False,True,False,True,False,True,False,False,False,False,True,False,True,False,True,False,False,False,False,False,False,False,False,False,True,False,False,True,True,False,False,False,False,False,False,True,True,True,True,False,False,False,False
drive_heavyrail_available,True,True,True,True,True,False,True,True,True,True,True,True,True,True,True,True,True,True,True,True,True,True,True,True,True,False,False,False,False,True,True,True,True,True,True,False,True,True,True,True,True,True,True,True,True,True,True,True,True,True,True,False,True,True,True,True,True,True,True,True,True,False,False,True,True,False,True,True,False,True,True,True,True,True,False,True,True,True,True,True,True,True,True,True,False
drive_lrf_available,True,True,True,True,False,False,False,False,False,False,False,False,False,False,False,False,False,False,False,False,True,True,True,False,False,False,False,False,False,True,True,True,True,True,False,False,False,False,False,False,False,False,False,False,False,False,False,False,False,False,False,False,True,False,True,True,True,False,False,True,True,False,False,False,False,False,False,False,False,False,False,False,False,True,False,True,False,True,True,True,True,True,False,False,False
drive_ferry_available,True,True,True,True,False,False,False,False,False,False,False,False,False,False,False,False,False,False,False,False,True,True,True,False,False,False,False,False,False,True,True,True,True,True,False,False,False,False,False,False,False,False,False,False,False,False,False,False,False,False,False,False,True,False,True,True,True,False,False,True,True,False,False,False,False,False,False,False,False,False,False,False,False,True,False,True,False,True,True,True,True,True,False,False,False
destination_in_cbd,1,1,0,0,0,0,0,0,0,0,0,0,0,0,0,0,0,0,0,0,0,0,0,0,0,0,0,0,0,1,0,1,0,1,0,0,0,0,0,0,0,0,0,0,0,0,0,0,0,0,0,0,1,0,0,0,0,0,0,1,0,0,0,0,0,0,0,0,0,0,0,0,0,0,0,0,0,0,0,0,0,0,0,0,0
